0 -2000 0 2100
0 0 620 18 90
-650 0 1500 0
0 0 310 11 49
0 0 155 10 90
0 620 620
-537 310 537 310
-620 155 620 155
0 620 465
-430 445 335
0 0 77 61 119
-77 0 -1900 2298
-77 0 904 248 359
310 0 -173 966
0 0 186 246
94 122 814 343 370
310 0 0 310
-1100 -635 1100 635
537 310 392
537 310 344
0 0 988
856 493 1 988
strong 93 934 644 614
620 0 543
1240 0 0 1240
strong 1035 205 597 643
0 930 310 0
1210 -643 835 482
strong 873 365 998 0
0 0 116
620 0 504
0 310 930
-155 0 310
0 0 232 -2 90
-232 -620 -232 620
-232 0 289 548
strong -232 0 195 448
-637 708 855 90 150
0 620 -1400 -1246
strong -465 0 -655 -252
strong -465 0 -232 0
0 -310 155
-464 0 447 209 265
-700 446 -350 724
-430 446 -1100 -621
strong -850 -225 -1100 -621
-537 309 977 80 100
0 -310 502 19 27
-223 181 457 87 96
0 -116 193
0 116 193
-430 445 862 75 120
0 899 1316
293 -383 540 19 37
-430 446 400 -1013
164 -597 750 22 37
-232 573 833 122 133
311 0 0 -1263
0 0 1240
115 -799 741 20 38
0 -620 465
255 -233 600 154
548 93 317 177 212
0 232 276 148 212
0 310 77
0 0 387
335 193 416 -461
strong 360 0 394 -283
0 -621 230 -979
475 400 466 -14
467 0 219 -963
strong 394 -283 367 -374
660 -1159 837 332 339
450 -503 212 295 323
0 -620 310
213 -396 77 261 315
164 -598 -316 -532
strong 173 -597 -37 -570
-154 0 348 -967
237 -755 298 308 341
0 0 1125
911 -661 448
713 -1062 -310 0
strong 145 -472 184 -516
0 -417 343 -789
342 -679 227 315 340
-374 -105 539 53 79
817 -133 355
-692 329 -595 -596
strong -635 -224 -624 -321
-616 -536 -641 360
strong -622 -331 -613 -661
0 899 1316 209 224
-535 576 -770 -1016
strong -676 -382 -717 -661
310 0 1069 188 241
-642 -148 1221 99 138
142 -472 131 8 60
0 0 575 -223
426 -165 77 90 130
0 -232 276 327 393
0 0 77 241 299
-96 -803 495 47 63
80 -448 298 117 141
577 -222 677 232 237
304 54 739 183 201
265 -780 205 334 375
-417 -417 253 -690
strong -38 -571 12 -591
155 0 465 90 125
403 -354 159 56 89
-101 -58 767 60 110
-199 -116 915 60 100
-374 -217 1170 60 88
-501 -290 1374 60 83
-619 -358 1569 60 79
0 0 650 42 60
0 0 684 39 60
0 0 738 34 60
0 0 796 30 60
0 0 853 30 60
288 -409 86 25 68
204 -389 90 270 360